Position F1	Position F2	Assign F1	Height	Line Width F1 (Hz)
0.98754	24.54897	None	2.14271e+05	23.95543
0.63330	24.74346	None	2.45119e+05	30.88004
2.39101	18.24555	None	4.54824e+05	24.61242
2.19380	17.24047	 1MetHe*	8.24475e+05	20.02474
0.65515	26.86921	 6LeuHd1*	7.18144e+04	122.61615
0.73249	26.68572	 6LeuHd2*	7.74943e+04	125.70082
0.59513	11.85529	 9IleHd1*	4.17210e+04	80.64293
0.34273	25.04500	 11LeuHd1*	1.97708e+04	32.50118
0.74515	22.10538	 11LeuHd2*	7.25415e+04	142.14419
0.30885	21.31580	 33LeuHd1*	4.47795e+04	38.74409
-0.04411	25.71807	 33LeuHd2*	1.62824e+04	51.44955
0.84429	13.67957	 35IleHd1*	1.37758e+05	41.10304
0.32525	20.17063	 37ValHg1*	9.96838e+04	28.54848
0.72517	22.13284	 37ValHg2*	9.17697e+04	130.24393
0.87607	21.78107	 41ValHg1*	1.70314e+05	82.92429
0.68998	18.53620	 41ValHg2*	4.54290e+04	42.09860
0.59591	13.65977	 44IleHd1*	7.04700e+04	123.08493
0.90579	23.57123	 45LeuHd1*	3.01182e+05	25.16229
0.65586	26.77031	 45LeuHd2*	6.64302e+04	133.14496
0.87564	14.01016	 46IleHd1*	2.69271e+05	21.19321
0.50805	25.82339	 50LeuHd1*	3.26545e+04	49.18618
0.30566	24.09042	 50LeuHd2*	1.70526e+04	67.54602
0.85115	26.05877	 61LeuHd1*	8.46297e+04	56.89129
0.85870	24.27721	 61LeuHd2*	7.43242e+04	73.19423
0.67783	13.94326	 65IleHd1*	1.29379e+05	29.52631
1.05220	26.73678	 67LeuHd1*	5.91794e+04	31.09214
0.83365	23.12427	 67LeuHd2*	8.27163e+04	82.23132
0.85626	26.44034	 68LeuHd1*	5.58732e+04	45.67327
0.96341	22.24631	 68LeuHd2*	5.34060e+04	40.37731
1.00296	13.86957	 70IleHd1*	8.53019e+04	28.25126
0.86086	14.84364	 76IleHd1*	1.12104e+05	35.06740
0.82677	21.75680	 78ValHg1*	1.84381e+05	78.64537
0.91051	21.17974	 78ValHg2*	3.75971e+05	23.62519
0.79552	14.88300	 81IleHd1*	2.88531e+04	123.16414
0.86445	25.61923	 95LeuHd1*	6.61447e+04	94.65083
0.92066	22.95560	 95LeuHd2*	1.45320e+05	71.07263
0.50819	22.48957	 97LeuHd1*	4.35724e+04	54.54362
0.68833	21.48525	 97LeuHd2*	5.31301e+04	270.62361
0.93393	25.78009	 98LeuHd1*	6.03328e+04	157.47815
0.86758	22.50428	 98LeuHd2*	4.61409e+04	82.17681
0.80478	22.01768	 103LeuHd1*	1.41253e+05	55.82727
1.09286	27.57346	 103LeuHd2*	5.25972e+04	34.80723
0.67749	22.24489	 104ValHg1*	1.13988e+05	56.49124
0.60358	21.34900	 104ValHg2*	1.07342e+05	66.47314
0.93446	21.57480	 106ValHg1*	1.29821e+05	75.77307
0.62711	23.79539	 106ValHg2*	4.90494e+04	54.39488
0.64929	13.70865	 107IleHd1*	1.04978e+05	105.31067
2.11811	17.83690	 109MetHe*	5.78079e+04	48.98293
1.16927	21.51841	 114ValHg1*	6.93034e+04	42.46186
1.11922	23.57382	 114ValHg2*	6.48488e+04	169.55803
0.97851	23.59675	 119LeuHd1*	2.43143e+05	25.75672
1.12694	27.32716	 119LeuHd2*	4.52902e+04	36.35266
1.02544	23.51703	 124LeuHd1*	7.74707e+04	117.71219
0.83248	25.93950	 124LeuHd2*	8.82264e+04	107.57349
0.84131	22.23223	 130LeuHd1*	1.19351e+05	38.47184
0.80987	25.80951	 130LeuHd2*	8.18677e+04	62.32981
0.81863	21.00402	 131ValHg1*	1.51454e+05	30.38763
0.86545	21.66883	 131ValHg2*	1.83722e+05	85.08402
0.91757	21.67236	 134ValHg1*	1.36022e+05	101.50241
0.95544	24.77882	 138LeuHd1*	3.88905e+05	21.01628
0.84993	27.26495	 138LeuHd2*	6.72282e+04	33.33188
-0.74394	13.59316	 140IleHd1*	7.49011e+04	29.92959
2.14211	18.88170	 143MetHe*	5.93074e+04	39.47277
0.76719	15.84383	 146MetHe*	2802.69922	89.94233
0.71247	13.63362	 157IleHd1*	9.42172e+04	108.89876
1.39837	23.66762	 158LeuHd1*	3.19141e+04	35.01612
1.02719	26.46658	 158LeuHd2*	3.87165e+04	76.02492
0.69555	23.17863	 161LeuHd1*	1.19699e+05	26.01716
0.78867	25.70778	 161LeuHd2*	4.30818e+04	155.69189
0.46853	15.55648	 169IleHd1*	6.59940e+04	28.06520
0.60330	26.61653	 170LeuHd1*	4.24847e+04	190.26661
-0.15562	22.24822	 170LeuHd2*	5.60106e+04	62.21543
1.83566	15.11635	 171MetHe*	7.53995e+04	33.83664
0.63991	27.40397	 172LeuHd1*	2.34849e+04	50.50393
1.00376	23.65508	 172LeuHd2*	9.45978e+04	104.51970
0.81778	21.44252	 176ValHg2*	5.52954e+04	248.60962
0.28641	20.89929	 179ValHg1*	3.49846e+04	60.30218
0.38384	13.01088	 190IleHd1*	3.60413e+04	45.15079
0.63435	23.98099	 192LeuHd1*	3.75400e+04	111.76730
0.45798	26.09774	 192LeuHd2*	2.18868e+04	163.49554
0.50237	23.38013	 195LeuHd1*	3.59013e+04	32.15429
0.14507	24.53324	 195LeuHd2*	4.23207e+04	35.90831
0.51724	26.06524	 200LeuHd1*	7.11893e+04	41.39408
0.63606	21.59623	 200LeuHd2*	1.56520e+05	37.75014
0.75084	25.02807	 204LeuHd1*	5.74900e+04	36.75700
0.61961	24.30866	 204LeuHd2*	1.49253e+05	36.97904
0.35484	11.74732	 207IleHd1*	2915.10205	71.45201
0.65171	21.26853	 220ValHg1*	7.79516e+04	81.34745
0.50298	20.25474	 220ValHg2*	4.62549e+04	60.18673
0.06368	21.88024	 221ValHg1*	3.45105e+04	33.69112
0.61068	21.50048	 221ValHg2*	1.20411e+05	55.40332
1.01112	26.36976	 226LeuHd1*	3.96324e+04	68.34988
0.91479	23.98041	 226LeuHd2*	4.50596e+04	100.01954
0.52107	20.85778	 236ValHg1*	1.24139e+05	31.80794
0.53636	20.10310	 236ValHg2*	1.15604e+05	31.23928
0.66409	13.61388	 243IleHd1*	1.25360e+05	76.31542
0.96619	21.09083	 251ValHg1*	1.36918e+05	66.04141
1.08491	21.64704	 251ValHg2*	9.64719e+04	33.84819
0.63893	11.79689	 257IleHd1*	1.70094e+05	28.75145
-0.11683	22.16906	 258ValHg1*	1.24882e+05	41.63787
0.31022	20.94013	 258ValHg2*	5.97686e+04	43.53287
0.25679	19.92725	 266ValHg1*	8.45074e+04	28.87872
0.49173	21.33098	 266ValHg2*	8.04347e+04	33.02419
0.89779	13.18922	 268IleHd1*	8.80324e+04	92.11951
0.75357	18.22329	 270ValHg1*	4.67725e+04	31.37460
0.82677	21.89634	 270ValHg2*	1.91475e+05	64.23662
1.09776	12.78081	 274IleHd1*	1.16921e+05	31.92634
0.84169	20.44770	 276ValHg1*	1.76010e+05	63.71387
0.88499	21.59217	 276ValHg2*	2.68549e+05	45.50251
0.55241	15.23650	 278IleHd1*	7.78216e+04	32.36425
0.99464	14.59976	 285IleHd1*	7.99226e+04	30.78848
0.63268	11.64487	 289IleHd1*	2.33563e+05	42.35957
0.24051	25.46297	 292LeuHd1*	4.22243e+04	36.58329
-0.10368	22.14620	 292LeuHd2*	1.01414e+05	50.06199
0.85842	13.60353	 293IleHd1*	1.99557e+05	36.21358
0.83722	22.10129	 295LeuHd1*	1.50011e+05	54.55248
0.83077	24.80217	 295LeuHd2*	1.39562e+05	25.86815
0.59720	11.59066	 296IleHd1*	1.45335e+05	54.24613
0.65016	21.10359	 302ValHg1*	7.66172e+04	43.43621
0.86641	23.58862	 302ValHg2*	2.48538e+04	403.78924
0.61044	24.86146	 304LeuHd1*	1.10155e+05	66.83023
0.55469	24.21745	 304LeuHd2*	6.96874e+04	89.18627
0.50047	12.88850	 306IleHd1*	7.61798e+04	30.60403
0.62172	21.59989	 314LeuHd1*	1.35843e+05	43.28854
0.64128	23.49432	 314LeuHd2*	5.95299e+04	82.55834
0.89702	12.87635	 317IleHd1*	1.78322e+05	28.34362
0.82790	25.27100	 320LeuHd1*	1.25294e+05	28.94101
0.86267	22.88718	 320LeuHd2*	1.72686e+05	62.09247
0.73019	25.96115	 321LeuHd1*	1.05700e+05	32.29874
0.70198	24.49626	 321LeuHd2*	1.30406e+05	33.36679
0.62151	18.98379	 323ValHg1*	5.65749e+04	34.33227
0.86203	22.68047	 323ValHg2*	8.64906e+04	41.23057
0.79699	26.78227	 326LeuHd1*	6.04304e+04	139.54655
0.59877	23.77613	 326LeuHd2*	5.77286e+04	47.98013
0.72567	13.20957	 328IleHd1*	2.60528e+05	25.39695
0.76570	12.64820	 333IleHd1*	2.00983e+05	24.18687
2.39101	18.24555	 {120}[315]	4.54824e+05	24.61242
