Position F1	Position F2	Assign F1	Height	Line Width F1 (Hz)
0.91721	24.77446	None	3.00454e+05	44.60441
0.63694	24.74103	None	1.88515e+05	26.65831
2.39101	18.24555	None	2.80219e+05	23.46839
2.19406	17.23603	 1MetHe*	5.71406e+05	17.96597
0.64694	26.89007	 6LeuHd1*	4.06553e+04	44.90968
0.74121	26.70487	 6LeuHd2*	5.70602e+04	68.13106
0.59513	11.85529	 9IleHd1*	2.68144e+04	59.53484
0.36056	25.04364	 11LeuHd1*	2.59191e+04	46.24569
0.74615	22.12808	 11LeuHd2*	5.36814e+04	135.68057
0.30703	21.29401	 33LeuHd1*	3.25045e+04	34.41497
-0.04411	25.71807	 33LeuHd2*	2.00974e+04	26.55092
0.84672	13.64350	 35IleHd1*	7.78183e+04	42.93172
0.32536	20.20595	 37ValHg1*	7.80579e+04	27.60447
0.71561	22.17268	 37ValHg2*	6.72991e+04	134.34189
0.87758	21.79320	 41ValHg1*	9.89268e+04	91.55649
0.69260	18.54492	 41ValHg2*	2.48072e+04	38.21356
0.59974	13.67403	 44IleHd1*	3.98018e+04	200.14971
0.90888	23.64393	 45LeuHd1*	3.04465e+05	21.92565
0.67075	26.80436	 45LeuHd2*	5.81894e+04	40.54512
0.86873	13.95152	 46IleHd1*	2.59248e+04	42.55557
0.50805	25.82339	 50LeuHd1*	2.89877e+04	38.72154
0.30566	24.09042	 50LeuHd2*	1.74381e+04	62.61495
0.85012	26.05672	 61LeuHd1*	5.17105e+04	104.29524
0.85910	24.23028	 61LeuHd2*	5.24050e+04	29.46349
0.67476	13.94905	 65IleHd1*	5.24501e+04	31.93198
1.05760	26.68390	 67LeuHd1*	3.47579e+04	33.11387
0.83824	23.13650	 67LeuHd2*	5.94430e+04	76.91791
0.85626	26.44034	 68LeuHd1*	2.98695e+04	52.30656
0.97316	22.25617	 68LeuHd2*	2.72810e+04	51.30295
0.99759	13.82607	 70IleHd1*	3.46458e+04	32.69395
0.84892	14.91900	 76IleHd1*	3.40862e+04	48.40353
0.82753	21.72950	 78ValHg1*	9.20271e+04	106.43027
0.90518	21.17873	 78ValHg2*	2.83245e+05	24.00671
0.79552	14.88300	 81IleHd1*	1.41385e+04	96.21720
0.86610	25.65428	 95LeuHd1*	4.73505e+04	85.91096
0.92632	22.96665	 95LeuHd2*	1.14799e+05	27.90544
0.49968	22.51455	 97LeuHd1*	4.08203e+04	36.72129
0.68833	21.48525	 97LeuHd2*	4.51910e+04	253.37102
0.93288	25.80975	 98LeuHd1*	3.48402e+04	157.17261
0.86758	22.50428	 98LeuHd2*	3.25568e+04	39.04963
0.80401	22.07847	 103LeuHd1*	9.29231e+04	58.17923
1.09713	27.57895	 103LeuHd2*	3.39879e+04	33.06527
0.68297	22.23251	 104ValHg1*	8.25219e+04	59.76681
0.60358	21.34900	 104ValHg2*	6.15610e+04	73.62892
0.93825	21.57480	 106ValHg1*	6.01594e+04	127.01911
0.62745	23.84938	 106ValHg2*	3.26651e+04	74.08320
0.64139	13.69285	 107IleHd1*	4.21176e+04	193.90572
2.12067	17.76789	 109MetHe*	2.11089e+05	24.93729
1.16698	21.52495	 114ValHg1*	3.84666e+04	30.90689
1.12161	23.57341	 114ValHg2*	3.37406e+04	224.73904
1.01480	23.59181	 119LeuHd1*	4.89056e+04	158.94894
1.13512	27.30493	 119LeuHd2*	2.66054e+04	37.56462
1.02962	23.51775	 124LeuHd1*	4.95323e+04	150.72269
0.82832	25.91290	 124LeuHd2*	1.08518e+05	40.93497
0.83208	22.27855	 130LeuHd1*	9.93839e+04	38.59589
0.80491	25.77472	 130LeuHd2*	7.17207e+04	70.12701
0.81956	20.99404	 131ValHg1*	1.21162e+05	28.05956
0.86621	21.68703	 131ValHg2*	1.13449e+05	93.74387
0.92839	21.68097	 134ValHg1*	7.37077e+04	117.62037
0.95487	24.74967	 138LeuHd1*	3.87809e+05	40.66513
0.85127	27.27048	 138LeuHd2*	5.01417e+04	32.67194
-0.74244	13.59642	 140IleHd1*	4.53799e+04	27.54916
2.14647	18.88689	 143MetHe*	3.80837e+04	41.12345
0.76719	15.84383	 146MetHe*	3.33398e+04	39.74368
0.73203	13.64256	 157IleHd1*	9.80181e+04	75.02130
1.40179	23.69864	 158LeuHd1*	2.29367e+04	38.50057
1.03435	26.45677	 158LeuHd2*	2.51679e+04	52.56700
0.69361	23.20991	 161LeuHd1*	9.04051e+04	31.88150
0.78457	25.67876	 161LeuHd2*	5.98834e+04	78.68350
0.46860	15.55246	 169IleHd1*	3.23175e+04	33.94028
0.60330	26.61653	 170LeuHd1*	2.72449e+04	185.33581
-0.15562	22.24822	 170LeuHd2*	4.06357e+04	64.40738
1.83067	15.12434	 171MetHe*	3.27610e+04	36.21814
0.63732	27.44571	 172LeuHd1*	1.64141e+04	52.85267
0.99727	23.64963	 172LeuHd2*	4.26235e+04	176.60963
0.82374	21.30786	 176ValHg2*	2.96570e+04	295.23200
0.28641	20.89929	 179ValHg1*	3.11828e+04	61.71551
0.38931	13.02059	 190IleHd1*	1.79202e+04	117.92161
0.63100	24.01053	 192LeuHd1*	3.48930e+04	81.84523
0.46658	26.09387	 192LeuHd2*	2.71282e+04	105.50988
0.50983	23.34556	 195LeuHd1*	2.09666e+04	352.17296
0.14378	24.56468	 195LeuHd2*	2.71210e+04	39.25154
0.52160	26.06312	 200LeuHd1*	5.22228e+04	54.64457
0.63639	21.60004	 200LeuHd2*	1.05352e+05	39.74824
0.74774	25.00432	 204LeuHd1*	5.28918e+04	108.59993
0.62107	24.30244	 204LeuHd2*	9.23451e+04	39.43142
0.35484	11.74732	 207IleHd1*	1.40130e+04	42.95454
0.65171	21.26853	 220ValHg1*	4.89438e+04	258.65489
0.50298	20.25474	 220ValHg2*	3.42046e+04	58.61821
0.05753	21.85612	 221ValHg1*	2.82936e+04	32.21658
0.61068	21.50048	 221ValHg2*	7.90633e+04	75.99807
1.00740	26.28091	 226LeuHd1*	2.79720e+04	51.27476
0.91316	24.05767	 226LeuHd2*	3.26912e+04	71.67056
0.52921	20.86810	 236ValHg1*	9.40300e+04	27.21516
0.53454	20.12467	 236ValHg2*	9.01376e+04	28.09473
0.66923	13.62162	 243IleHd1*	8.76686e+04	79.39634
0.96771	21.06300	 251ValHg1*	9.97801e+05	24.77217
1.08728	21.70074	 251ValHg2*	9.19301e+04	24.93944
0.63893	11.79689	 257IleHd1*	8.69091e+04	28.82502
-0.11683	22.16906	 258ValHg1*	8.78337e+04	40.00331
0.31240	20.91796	 258ValHg2*	5.01000e+04	40.94624
0.25692	19.91408	 266ValHg1*	5.83847e+04	28.48028
0.49544	21.35161	 266ValHg2*	6.10484e+04	32.47218
0.90596	13.13946	 268IleHd1*	4.60085e+04	36.27292
0.75525	18.22639	 270ValHg1*	4.45477e+04	28.18038
0.82905	21.89027	 270ValHg2*	1.39826e+05	52.58848
1.10170	12.76867	 274IleHd1*	5.51789e+04	25.26646
0.84169	20.44770	 276ValHg1*	1.56727e+05	58.48826
0.88568	21.57898	 276ValHg2*	1.97820e+05	27.77013
0.55542	15.23825	 278IleHd1*	3.75360e+04	30.92890
0.99879	14.59141	 285IleHd1*	4.91276e+04	31.20786
0.63268	11.64487	 289IleHd1*	1.06581e+05	44.26584
0.23950	25.44636	 292LeuHd1*	3.69107e+04	36.53174
-0.10368	22.14620	 292LeuHd2*	7.44674e+04	46.65057
0.86223	13.62368	 293IleHd1*	9.57664e+04	37.03220
0.83739	22.16631	 295LeuHd1*	1.30823e+05	39.77778
0.67569	24.90957	 295LeuHd2*	6.03031e+04	107.96656
0.60383	11.64332	 296IleHd1*	6.73772e+04	54.85292
0.65016	21.10359	 302ValHg1*	4.58882e+04	241.98223
0.86641	23.58862	 302ValHg2*	2.84618e+05	46.10339
0.61044	24.86146	 304LeuHd1*	8.65374e+04	64.68715
0.55686	24.22937	 304LeuHd2*	5.79074e+04	76.22682
0.50029	12.87936	 306IleHd1*	4.11690e+04	29.81897
0.62172	21.59989	 314LeuHd1*	9.03544e+04	46.37349
0.64774	23.47573	 314LeuHd2*	6.07178e+04	107.01611
0.87346	12.69341	 317IleHd1*	4.86137e+05	21.06783
0.82790	25.27100	 320LeuHd1*	1.05251e+05	26.49695
0.86183	22.90792	 320LeuHd2*	1.39708e+05	26.94667
0.73344	25.96592	 321LeuHd1*	7.76797e+04	91.84028
0.70301	24.48633	 321LeuHd2*	9.17381e+04	30.11807
0.62392	18.98163	 323ValHg1*	4.33665e+04	28.56888
0.86203	22.68047	 323ValHg2*	5.36304e+04	39.02144
0.79318	26.78544	 326LeuHd1*	5.22039e+04	120.00965
0.59877	23.77613	 326LeuHd2*	3.66690e+04	95.60746
0.72759	13.23166	 328IleHd1*	1.36263e+05	23.08418
0.76421	12.66527	 333IleHd1*	1.21877e+05	20.62750
2.39101	18.24555	 {120}[315]	2.80219e+05	23.46839
